#onoff#source azel       172356.0 -491924.6 0000.0 2026.216.12:06:54
#onoff#site   uct radio 2 18.4764  -33.9331 3.00 xxxx 0  0.00  0.00
#onoff#onoff  1 3 2u 3u 0 60 10 10 0.0704 0.0704 1 1
#onoff#origin 0.0000 0.0000 0.0000 0.0000 0.0000 0.0000
#onoff#on  1  50815.27 0 0 17687.67 18057.00 17212.67   14.66  37.26  21.04 
#onoff#on  1  50815.27 0 0 14368.00 11065.33 13649.33   42.24  34.45  60.47 
#onoff#on  1  50815.27 0 0 13107.33  9326.67  7932.00   31.05  13.77  31.12 
#onoff#off 1  50817.58 0 0 17677.00 18083.33 17254.00  20.07 28.12 76.58 
#onoff#off 1  50817.58 0 0 14316.33 11043.33 13672.33  39.80 08.06 18.19 
#onoff#off 1  50817.58 0 0 13125.67 9367.00 7952.33  23.04 25.02 14.88 
#onoff#cal 1  50819.31 0 0 17703.00 18058.00 17242.00  45.44 16.31 58.88 
#onoff#cal 1  50819.31 0 0 14318.67 11041.67 13681.00  08.38 13.77 21.23 
#onoff#cal 1  50819.31 0 0 13123.67 9335.00 7913.33  08.73 36.78 26.40 
#onoff#sefd              139.95 15.09 0.00  0.00   0.00  0.00  
#onoff#sefd              139.95 15.09 0.00  0.00   0.00  0.00  
#onoff#sefd              139.95 15.09 0.00  0.00   0.00  0.00  
#onoff#sefd              139.95 15.09 0.00  0.00   0.00  0.00  
#onoff#sefd              139.95 15.09 0.00   0.00  
#onoff#fluxsrc  azel     139.95 15.09 0.00  0.00   0.00  0.00  
#onoff#fluxsrc  azel     139.95 15.09 0.00  0.00   0.00  0.00  
#onoff#fluxsrc  azel     139.95 15.09 0.00  0.00   0.00  0.00  
#onoff#fluxsrc  azel     139.95 15.09 0.00  0.00   0.00  0.00  
#onoff#fluxsrc  azel     139.95 15.09 0.00   0.00  
