#onoff#source azel       220950.2 -895801.0 0000.0 2026.216.12:03:40
#onoff#site   uct radio 2 18.4764  -33.9331 3.00 xxxx 0  0.00  0.00
#onoff#onoff  1 3 2u 3u 0 60 10 10 0.0704 0.0704 1 1
#onoff#origin 0.0000 0.0000 0.0000 0.0000 0.0000 0.0000
#onoff#on  1  50621.8  0 0  6014.67  6343.00  6283.67   37.75  52.78  61.08 
#onoff#on  1  50621.8  0 0  5098.33  3935.67  5422.00   11.32  06.65  18.18 
#onoff#on  1  50621.8  0 0  5341.67  3831.67  3157.67   36.75  26.41  09.03 
#onoff#off 1  50623.93 0 0 5935.33 6189.00 6189.33  09.84 21.65 10.62 
#onoff#off 1  50623.93 0 0 5112.67 3937.67 5397.67  11.26 15.20 05.73 
#onoff#off 1  50623.93 0 0 5289.33 3876.67 3171.33  21.70 22.37 02.62 
#onoff#cal 1  50625.62 0 0 5959.67 6199.33 6204.67  09.67 15.15 24.28 
#onoff#cal 1  50625.62 0 0 5106.33 3936.33 5407.00  09.03 11.90 07.12 
#onoff#cal 1  50625.62 0 0 5319.33 3848.67 3161.00  04.50 21.04 03.74 
#onoff#sefd              180.00 33.90 0.00  0.00   0.00  0.00  
#onoff#sefd              180.00 33.90 0.00  0.00   0.00  0.00  
#onoff#sefd              180.00 33.90 0.00  0.00   0.00  0.00  
#onoff#sefd              180.00 33.90 0.00  0.00   0.00  0.00  
#onoff#sefd              180.00 33.90 0.00   0.00  
#onoff#fluxsrc  azel     180.00 33.90 0.00  0.00   0.00  0.00  
#onoff#fluxsrc  azel     180.00 33.90 0.00  0.00   0.00  0.00  
#onoff#fluxsrc  azel     180.00 33.90 0.00  0.00   0.00  0.00  
#onoff#fluxsrc  azel     180.00 33.90 0.00  0.00   0.00  0.00  
#onoff#fluxsrc  azel     180.00 33.90 0.00   0.00  
