#onoff#source sun        085828.7 +170846.2 0000.0 2026.216.11:57:15
#onoff#site   uct radio 2 18.4764  -33.9331 3.00 xxxx 0  0.00  0.00
#onoff#onoff  1 3 2u 3u 0 60 10 10 0.0704 0.0704 1 1
#onoff#origin 0.0000 0.0000 0.0000 0.0000 0.0000 0.0000
#onoff#on  1  50237.27 0 0 41382.67 41885.67 40195.33   43.61  40.75  41.67 
#onoff#on  1  50237.27 0 0 34338.67 27272.33 31512.33   30.90  11.32  39.19 
#onoff#on  1  50237.27 0 0 29866.67 21341.00 18313.67   07.85  20.54  16.68 
#onoff#off 1  50245.41 0 0 34133.67 34598.00 33027.33  120.43 66.47 40.94 
#onoff#off 1  50245.41 0 0 27656.00 21371.33 25174.00  22.38 50.66 05.10 
#onoff#off 1  50245.41 0 0 23698.00 16639.67 14143.67  42.46 15.11 33.87 
#onoff#cal 1  50247.18 0 0 34184.00 34632.00 33075.00  25.14 55.00 68.62 
#onoff#cal 1  50247.18 0 0 27677.33 21403.00 25168.67  72.71 28.99 03.09 
#onoff#cal 1  50247.18 0 0 23781.67 16659.33 14188.00  11.81 55.60 40.27 
#onoff#sefd              341.00 36.86 0.00  0.00   0.00  0.00  
#onoff#sefd              341.00 36.86 0.00  0.00   0.00  0.00  
#onoff#sefd              341.00 36.86 0.00  0.00   0.00  0.00  
#onoff#sefd              341.00 36.86 0.00  0.00   0.00  0.00  
#onoff#sefd              341.00 36.86 0.00   0.00  
#onoff#fluxsrc  sun      341.00 36.86 0.00  0.00   0.00  0.00  
#onoff#fluxsrc  sun      341.00 36.86 0.00  0.00   0.00  0.00  
#onoff#fluxsrc  sun      341.00 36.86 0.00  0.00   0.00  0.00  
#onoff#fluxsrc  sun      341.00 36.86 0.00  0.00   0.00  0.00  
#onoff#fluxsrc  sun      341.00 36.86 0.00   0.00  
